0,19976
47,20799
58,19663
546,19721
550,24274
553,24277
558,24276
561,20315
561,20314
561,20318
563,24275
564,19626
564,19674
565,24273
572,38023
574,38014
574,38301
575,38302
575,38047
576,19621
577,19632
577,24272
577,19790
578,19791
578,24359
578,19682
578,19789
578,19685
578,19794
578,19622
578,19792
578,37907
578,24295
578,19793
579,24315
579,24358
579,12870
579,24346
579,24351
579,24352
580,19704
580,24342
580,24289
580,38300
580,24360
581,24283
581,19750
581,19714
581,19699
581,12892
581,37897
581,19925
581,24370
581,19702
581,24357
581,19684
581,19623
581,19688
581,24290
582,19742
582,24287
582,12941
582,37025
582,19634
582,37026
582,24280
582,19724
582,24300
582,19747
582,37029
582,19712
582,19736
582,24340
582,24347
582,37056
582,24279
582,19734
582,19728
582,24297
582,37057
582,24278
582,24310
582,19739
582,19924
582,19686
582,19748
582,12912
582,19743
582,19740
582,19698
582,24355
582,24353
582,24345
582,19730
582,37055
582,38132
582,19733
582,24298
582,24285
582,24349
582,37059
582,19722
582,12947
582,24284
582,24286
582,24293
582,19624
582,37028
582,24281
582,19713
582,19711
582,24344
582,24291
582,19683
582,24354
582,19700
582,38133
582,24348
582,37027
582,19726
582,19741
582,19687
582,19729
582,38131
582,24343
582,12899
582,36041
582,38134
582,19744
582,19709
582,24292
582,19735
582,24305
582,24363
582,12840
582,24325
582,19731
582,19727
582,37058
582,38022
583,19644
583,37001
583,12930
583,12963
583,38304
583,23098
583,19651
583,23095
583,19703
583,19701
583,23096
583,24288
583,19997
583,24324
583,19745
583,19635
583,38303
583,24329
583,19660
583,19650
583,24333
583,12145
583,23097
583,38024
583,38305
583,19645
583,24299
583,24572
583,19625
583,19647
583,37000
583,19655
583,37003
583,24330
583,19654
583,24332
583,24308
583,19656
583,24350
583,12924
583,24312
583,24314
583,24341
583,12151
583,12245
583,24334
583,19653
583,19725
583,12328
583,38135
583,38306
583,13004
583,24328
583,19675
583,24294
583,12953
583,24313
583,24317
583,19672
583,12976
583,24548
583,37006
583,30704
583,12138
583,24607
583,24356
583,19723
583,20000
583,24320
583,12959
583,19662
583,24339
583,19732
583,24327
583,24319
583,37005
583,24302
583,24571
583,24307
583,24318
583,19657
583,12998
583,19658
583,19649
583,19737
583,30703
583,24323
583,12251
583,37007
583,37009
583,19652
583,12155
583,19673
583,24337
583,12136
583,24303
583,38307
583,37008
583,19648
583,24296
583,19661
583,12165
583,24304
583,24322
583,19677
583,24338
583,37002
583,24282
583,37004
583,24554
583,19746
583,24309
583,19639
583,19646
583,12235
583,19659
584,11769
584,9775
584,12480
584,24500
584,11307
584,12467
584,12543
584,12440
584,9708
584,12252
584,11564
584,12428
584,12376
584,30685
584,12319
584,9977
584,9260
584,30693
584,10978
584,9722
584,31083
584,12464
584,10632
584,24326
584,11536
584,11786
584,24612
584,10643
584,13008
584,10045
584,10752
584,10619
584,21661
584,11017
584,20330
584,31088
584,10156
584,31073
584,9768
584,10114
584,12322
584,12419
584,12458
584,12026
584,12387
584,31099
584,12446
584,9717
584,11793
584,10843
584,12037
584,11985
584,31058
584,12906
584,12232
584,12368
584,10265
584,10070
584,11428
584,12423
584,13014
584,12454
584,30689
584,9725
584,11427
584,11544
584,12320
584,20346
584,19669
584,10132
584,12477
584,10972
584,31079
584,11295
584,11771
584,12288
584,11283
584,11782
584,20006
584,12391
584,20340
584,10939
584,11424
584,9675
584,31062
584,10940
584,10921
584,19629
584,11551
584,10074
584,10010
584,12040
584,11543
584,10969
584,12153
584,10177
584,10335
584,9773
584,11279
584,37131
584,19627
584,12417
584,11557
584,10264
584,37134
584,36057
584,19717
584,19643
584,29182
584,11433
584,12973
584,10031
584,19628
584,12032
584,10649
584,11780
584,19642
584,9638
584,12143
584,10227
584,12468
584,13010
584,10213
584,12518
584,24331
584,10716
584,10244
584,12485
584,11432
584,10334
584,12410
584,10849
584,10030
584,24534
584,10935
584,12435
584,12439
584,12158
584,29184
584,9643
584,11542
584,11777
584,12141
584,10059
584,10917
584,38120
584,20343
584,24570
584,10066
584,31071
584,38188
584,12196
584,10337
584,11288
584,31059
584,10131
584,10850
584,9763
584,12432
584,19666
584,29170
584,31081
584,10623
584,10250
584,11785
584,11306
584,31040
584,30695
584,10298
584,11561
584,10924
584,12023
584,10211
584,10857
584,10975
584,9688
584,11280
584,36051
584,12373
584,12038
584,11545
584,11562
584,12936
584,24366
584,9772
584,35534
584,12306
584,11367
584,10618
584,10631
584,10624
584,31101
584,13243
584,12222
584,12475
584,9257
584,12438
584,37128
584,10239
584,11794
584,9765
584,37067
584,29179
584,31077
584,12027
584,9668
584,10937
584,10262
584,11539
584,31087
584,10158
584,12394
584,11270
584,11273
584,19671
584,9669
584,9674
584,12408
584,12230
584,19630
584,9676
584,10862
584,37069
584,19679
584,11298
584,20332
584,11294
584,12238
584,9798
584,38118
584,11983
584,12453
584,29172
584,9792
584,12291
584,9706
584,10635
584,9691
584,12442
584,10385
584,13253
584,11676
584,10466
584,12412
584,12358
584,12515
584,29175
584,10652
584,10056
584,20354
584,9735
584,10844
584,24306
584,10102
584,12455
584,9812
584,11297
584,10055
584,29178
584,31082
584,12401
584,31043
584,31075
584,12411
584,31102
584,10936
584,24561
584,12461
584,37048
584,24584
584,11438
584,12240
584,19710
584,12258
584,10238
584,12313
584,31064
584,9662
584,24562
584,10973
584,10336
584,30687
584,12403
584,10847
584,10386
584,9794
584,37049
584,12237
584,20020
584,9644
584,10848
584,12159
584,31038
584,11565
584,11675
584,9262
584,13061
584,37123
584,20336
584,12356
584,12422
584,11429
584,12350
584,11033
584,29167
584,19667
584,12296
584,9664
584,11674
584,12380
584,20339
584,12345
584,10300
584,36071
584,12363
584,36321
584,9652
584,12043
584,9770
584,11776
584,19668
584,9660
584,20341
584,10853
584,37136
584,31057
584,20350
584,10621
584,10033
584,12028
584,12325
584,38455
584,24601
584,10641
584,10630
584,37135
584,10091
584,9718
584,10071
584,31103
584,9726
584,11791
584,10941
584,11426
584,10302
584,10938
584,9767
584,11291
584,30696
584,10717
584,10195
584,10301
584,38452
584,11538
584,9753
584,12392
584,37065
584,29174
584,10720
584,37015
584,12029
584,10970
584,9973
584,12434
584,31048
584,12371
584,12443
584,10152
584,12364
584,37133
584,12377
584,9700
584,12302
584,13051
584,11796
584,10648
584,29168
584,30702
584,12437
584,31074
584,12398
584,37046
584,12481
584,31045
584,11423
584,10296
584,12429
584,12846
584,12502
584,12215
584,10067
584,11439
584,31096
584,37127
584,20331
584,11554
584,10343
584,13261
584,11772
584,10094
584,11770
584,10097
584,10303
584,11541
584,11268
584,38048
584,19718
584,9261
584,37045
584,10627
584,11286
584,30686
584,10753
584,9639
584,12888
584,10977
584,12298
584,31080
584,31106
584,11431
584,11547
584,11276
584,11278
584,12416
584,11765
584,37012
584,31046
584,12304
584,37047
584,11801
584,10295
584,11552
584,11764
584,10089
584,13009
584,37016
584,31037
584,10297
584,12441
584,12988
584,12360
584,10266
584,9783
584,10133
584,12462
584,11788
584,37130
584,12424
584,36070
584,10842
584,10642
584,9673
584,9640
584,10051
584,10885
584,10884
584,9734
584,12384
584,12318
584,11805
584,11296
584,19681
584,12042
584,10470
584,31060
584,10111
584,12208
584,9728
584,10387
584,11975
584,10231
584,10233
584,12487
584,11434
584,12034
584,31072
584,9769
584,10034
584,19637
584,12466
584,9733
584,9649
584,38454
584,12378
584,31108
584,12445
584,19697
584,9692
584,37066
584,31050
584,37017
584,12517
584,10154
584,12427
584,9739
584,10237
584,12463
584,30688
584,11804
584,10718
584,10057
584,10248
584,39454
584,12346
584,29181
584,12284
584,12362
584,10345
584,12858
584,9808
584,38130
584,12516
584,10845
584,9709
584,9760
584,20333
584,31034
584,31065
584,11559
584,9689
584,9680
584,9745
584,12469
584,9683
584,11425
584,11553
584,20348
584,10263
584,24335
584,10640
584,11767
584,11563
584,10650
584,9975
584,11781
584,37129
584,38273
584,10069
584,11778
584,9978
584,11783
584,11275
584,12248
584,19670
584,37125
584,12450
584,11365
584,12470
584,11308
584,9746
584,10064
584,11302
584,12436
584,12036
584,31042
584,10068
584,10062
584,36323
584,10035
584,12457
584,31105
584,24632
584,12152
584,38453
584,30701
584,10036
584,20334
584,31068
584,19983
584,11768
584,29166
584,12421
584,36056
584,11550
584,12415
584,10888
584,9782
584,11555
584,19719
584,12503
584,12375
584,11779
584,24336
584,39445
584,13006
584,12402
584,38117
584,12478
584,11430
584,9758
584,11558
584,23045
584,24618
584,31098
584,11301
584,12348
584,12918
584,11560
584,9713
584,12982
584,12405
584,10622
584,20322
584,11018
584,9697
584,10340
584,20328
584,11795
584,10135
584,12393
584,10037
584,10751
584,11678
584,12307
584,10065
584,13255
584,12324
584,31100
584,12404
584,10341
584,12876
584,9730
584,37013
584,8576
584,11437
584,12426
584,31067
584,20001
584,10469
584,37010
584,31053
584,9659
584,31104
584,36068
584,10633
584,10639
584,10061
584,9695
584,29180
584,10041
584,11300
584,11540
584,10099
584,30684
584,10236
584,42425
584,10855
584,10467
584,11285
584,10040
584,9648
584,11800
584,12282
584,12312
584,10625
584,11766
584,11282
584,39437
584,12295
584,12359
584,10636
584,11537
584,31084
584,9727
584,37019
584,11269
584,10012
584,12514
584,10629
584,12399
584,12301
584,11353
584,10971
584,9756
584,11789
584,12349
584,20327
584,12194
584,10136
584,11287
584,10722
584,12400
584,11303
584,10176
584,10637
584,12297
584,31076
584,11272
584,38046
584,12347
584,9757
584,12283
584,31051
584,19680
584,10060
584,10851
584,11293
584,24311
584,10651
584,10861
584,20337
584,9729
584,11284
584,10620
584,31092
584,12465
584,20352
584,11802
584,31089
584,9681
584,10719
584,12372
584,10015
584,10339
584,12433
584,11299
584,11677
584,9645
584,9651
584,38451
584,12285
584,11435
584,12137
584,10090
584,24316
584,31044
584,9647
584,12239
584,10886
584,10342
584,9790
584,12030
584,11803
584,42426
584,19720
584,9670
584,12130
584,20347
584,19738
584,12024
584,10889
584,10100
584,12852
584,35725
584,10234
584,9667
584,11304
584,39341
584,11797
584,11292
584,12476
584,11546
584,36317
584,12385
584,19640
584,12234
584,11548
584,10859
584,12406
584,37011
584,31052
584,30691
584,12472
584,19636
584,29173
584,9654
584,9747
584,11442
584,10645
584,10009
584,10092
584,24592
584,12338
584,11549
584,30700
584,10095
584,12280
584,31047
584,10733
584,9711
584,10638
584,11422
584,12294
584,24301
584,31090
584,11441
584,29176
584,29171
584,12864
584,19638
584,12367
584,10058
584,9721
584,20344
584,12271
584,9679
584,11775
584,20353
584,31056
584,10338
584,12305
584,31035
584,10890
584,10647
584,10029
584,10468
584,31061
584,9712
584,10644
584,30690
584,11679
584,12420
584,31041
584,38119
584,12382
584,31054
584,11774
584,29169
584,10014
584,12365
584,11784
584,9661
584,24321
584,19665
584,11773
584,30692
584,10968
584,10153
584,12256
584,9703
584,10157
584,12039
584,31036
584,10858
584,29185
584,10887
584,20021
584,31055
584,31063
584,12474
584,10212
584,12289
584,12418
584,12025
584,38116
584,10846
584,12303
584,24555
584,12229
584,10267
584,11556
584,12383
584,20351
584,10209
584,12381
584,31049
584,9719
584,10299
584,12430
584,31085
584,11290
584,9678
584,12249
584,10190
584,12370
584,12390
584,12459
584,12361
584,9771
584,11032
584,12290
584,12414
584,10628
584,12460
584,10038
584,9258
584,10155
584,10854
584,31078
584,12031
584,10175
584,31093
584,11016
584,13007
584,31097
584,19641
584,11305
584,10856
584,31095
584,9671
584,10646
584,11274
584,12357
584,20335
584,10019
584,10721
584,9724
584,12340
584,10063
584,31094
584,10860
584,11790
584,9815
584,10011
584,12157
584,12337
584,12413
584,9663
584,30697
584,30699
584,10240
584,12386
584,12041
584,10626
584,12389
584,10979
584,29177
584,12882
584,24865
584,9723
584,10344
584,12479
584,31069
584,37014
584,10235
584,11281
584,10023
584,12473
584,9646
584,12397
584,12035
584,9787
584,11787
584,12339
584,12156
584,11792
584,36319
584,9686
584,37018
584,37068
584,9976
584,10634
584,11799
584,12323
584,12452
584,9657
584,11984
584,10039
584,12388
584,9666
584,9749
584,12471
584,11271
584,9766
584,10976
584,29183
584,12366
584,10471
584,31091
584,11289
584,9259
584,8941
584,30698
584,12374
584,9995
584,12456
584,31070
584,11436
584,24615
584,11031
584,10210
584,11309
584,31066
584,10974
584,10891
584,11277
584,11798
584,12033
584,37132
584,30694
584,12216
584,19664
584,19631
584,11440